ref_sites
240
651
732
905
912
1058
1472
1881
1926
2105
2109
2322
2333
2394
2596
2664
2697
2705
2719
2735
2748
3003
3036
3039
3084
3096
3175
3230
3266
3427
3467
3827
4342
4803
4877
4899
5154
5191
5209
5387
5424
5496
5511
5647
5653
5783
5985
6036
6100
6195
6292
6318
6475
6524
6542
6550
6612
6703
6795
6812
6871
6953
6960
6996
7041
7200
7298
7347
7386
7572
7755
8019
8082
8157
8602
8771
8808
8821
8946
9084
9119
9161
9473
9507
9660
9720
9748
9802
9866
9890
10028
10318
10322
10339
10449
10666
10732
10788
11082
11235
11287
11288
11289
11290
11291
11292
11293
11294
11295
11450
11571
11600
11751
11781
11803
11823
12003
12048
12052
12078
12099
12161
12162
12186
12193
12311
12454
12487
12524
12777
12822
12849
12877
12879
12884
12918
12963
13056
13094
13173
13767
13859
13949
14119
14219
14407
14675
14804
15095
15242
15275
15278
15542
15671
15719
15765
16175
16427
16473
16499
16533
17006
17013
17258
17482
17490
17549
17614
17678
17706
17744
18130
18423
18485
18512
18537
18554
18656
18876
19034
19238
19722
19762
19815
19871
19894
19998
20147
20177
20261
20267
20401
21076
21087
21136
21301
21303
21304
21363
21574
21599
21613
21620
21637
21681
21764
21765
21766
21767
21768
21769
21771
21792
21800
21845
21854
21973
21990
21991
21992
21994
21999
22017
22031
22131
22161
22254
22316
22319
22383
22479
22598
22737
22752
22811
22916
22991
23011
23028
23052
23062
23063
23085
23112
23119
23254
23270
23402
23524
23592
23603
23663
23708
23933
24137
24348
24409
24431
24495
24505
24641
24717
24783
24913
25018
25071
25087
25134
25338
25412
25436
25449
25451
25508
25516
25562
25625
25906
25912
25929
25967
26098
26109
26148
26157
26158
26159
26160
26162
26166
26210
26491
26680
26734
26950
27142
27205
27400
27505
27531
27676
27677
27678
27679
27680
27681
27682
27683
27684
27738
27889
27915
27924
27963
27971
28004
28043
28047
28089
28090
28091
28092
28093
28094
28110
28114
28119
28166
28190
28193
28215
28244
28250
28252
28253
28270
28271
28279
28280
28281
28310
28380
28398
28471
28511
28627
28656
28719
28803
28841
28853
28868
28876
28877
28878
28880
28881
28882
28886
28889
28891
28914
28974
28976
29139
29249
29361
29401
29438
29450
29513
29613
